       log(1.1314) = 0.123456789012
    cf_log(1.1314) = 0.123456789012
taylor_log(1.1314) = 0.123452108537
       log(0.31) = -1.1711829815
       log(3) = 1.09861228867
continued fraction iterations = 6
    cf_log(0.31) = -1.17118249665
    cf_log(3) = 1.09861206812
taylor polynomial iterations = 30
taylor_log(0.31) = -1.17118199531
taylor_log(3) = 1.09861197106
